26
3
5
1
1
137931
1
1
68965.5
1
1
423.37
1
1
5235.6
1
1
403.633
2
1
9421
2
3
785.083
2
4
1084.3
2
4
1077.59
2
4
917.18
3
1
9.08888e+06
3
7
172004
3
8
59892.2
3
8
53333.3
3
9
18928
4
1
9.80122e+06
4
8
41240.2
4
12
30221.5
4
14
37613.4
4
16
47584.2
5
1
5.72335e+07
5
10
126997
5
22
21996.5
5
15
14046.3
5
25
23810.9
6
1
7.69639e+07
6
11
133457
6
26
67811.3
6
29
50336.5
6
36
43147.7
7
1
7.96601e+08
7
15
536949
7
40
106990
7
9
25588.4
7
49
76289.4
8
1
7.13228e+07
8
13
73414.4
8
46
66628
8
56
59344.2
8
64
37703.7
9
1
4.30943e+08
9
15
290639
9
68
39276.1
9
66
43011.9
9
81
25766
10
1
2.03997e+08
10
18
79868.9
10
85
41567.8
10
66
48791.1
10
100
23742.2
11
1
9.13566e+07
11
19
115382
11
100
31267.6
11
101
26598.9
11
121
23138.1
12
1
1.0484e+08
12
21
108438
12
110
34692.8
12
115
31019.5
12
144
17517.9
13
1
2.74015e+07
13
21
30737.3
13
142
30338.3
13
136
20444.8
13
169
12892
14
1
1.1785e+08
14
25
85517.8
14
143
20834.8
14
128
22181.2
14
196
9955.14
15
1
4.84391e+07
15
24
93939.2
15
184
11899.4
15
151
18877.6
15
225
9006.73
16
1
1.17342e+08
16
28
149099
16
208
11521.7
16
172
15351.1
16
256
8098.57
17
1
1.30609e+08
17
29
154743
17
235
11280.9
17
213
11470.3
17
289
6446.19
18
1
8.60859e+07
18
28
109504
18
257
7915.29
18
51
29186.9
18
324
5448.17
19
1
2.40722e+07
19
31
24943.7
19
293
9581.51
19
300
7486.07
19
361
5146.9
20
1
8.08817e+07
20
32
78674.5
20
326
7331.02
20
157
16524.2
20
400
5671.39
21
1
9.03101e+07
21
38
62656.4
21
352
6598.4
21
363
6705.67
21
441
4195.35
22
1
9.43907e+07
22
37
68739.5
22
391
6351.85
22
73
19387.9
22
484
4124.31
23
1
7.24445e+07
23
36
60269.1
23
440
4645.6
23
412
5361.67
23
529
4078.39
24
1
9.47775e+07
24
40
59080.2
24
468
5866.62
24
220
7600.34
24
576
3099.36
25
1
8.94952e+07
25
44
48269
25
483
3851.45
25
493
4142.07
25
625
2936.38
26
1
8.36146e+07
26
47
37859.9
26
538
3251.39
26
347
5508.02
26
676
2644.12
