26
26
300
33203323232310011011300313
23011303302230110310030103
10223013133222210112211311
21220322122310202030131313
02223131300222011113233131
00023001202212220000111203
13000100331313331113310311
03002133200203212312223022
12133123101033031123212331
22100221112313023310321123
20311132131302022112311010
32211010231112121112033113
22333211331133011132013133
02111331323033310300011331
03232223333302102132231231
00032120013202231213200122
03030000021222310002311103
10132123123123302121321311
02211312200031222021002211
13020102211303303211131302
32000130331313123112101212
13111031033002312113300121
13331022132003033022103233
23010103023200130220110332
33022312013000232330202003
11303233112232033031010312
